Gaia DR3                              RA         DEC   Gmag  Bp-Rp  Voff(km/s) Sep(deg)   3D(pc) Vr(pred)  Vr(obs)    Vrerr Plx(mas)  SpT    FnuvJ  W1-W3    RUWE  XCrate RVsrc 
Gaia DR3 3032656414642552192 110.2495104 -13.9262669 11.453  0.848       0.000   0.0000   0.0000    50.97    50.97     0.43    2.959 G4.8      nan    nan   0.869     nan                            Gaia DR3
Gaia DR3 3031605998781051904 111.1745707 -14.7595293 18.226  2.811       3.852   1.2237   7.7556    51.30      nan      nan    2.984 M3.7      nan    nan   1.009     nan                                None
Gaia DR3 3031624488621929856 111.1130993 -14.5751849 13.986  1.291       3.218   1.0591   9.4945    51.23   -10.83     2.42    2.898 K3.8      nan    nan   1.024     nan                            Gaia DR3
Gaia DR3 3033541762024562944 111.6526203 -13.2034712 12.492  0.944       0.653   1.5436   9.6748    50.64   -25.25     1.34    2.989 G8.9      nan    nan   5.779     nan                            Gaia DR3
Gaia DR3 3032211898405549184 108.7980560 -14.7780394 15.671  1.807       0.585   1.6440   9.9689    51.32      nan      nan    2.980 K7.8      nan    nan   0.963     nan                                None
Gaia DR3 3031161589926118912 110.0051460 -15.6108722 19.120  2.876       3.524   1.7011  10.3688    51.66      nan      nan    2.937 M3.8      nan    nan   1.004     nan                                None
Gaia DR3 3031816520895190400 110.7720071 -14.5019251 18.653  2.937       3.434   0.7668  11.1305    51.21      nan      nan    2.872 M4.0      nan    nan   1.064     nan                                None
Gaia DR3 3031665750370019328 112.2216227 -14.5780832 19.524  2.679       4.211   2.0195  12.2026    51.20      nan      nan    2.937 M3.5      nan    nan   1.055     nan                                None
Gaia DR3 3031257560974483840 109.2165778 -15.7988778 16.059  2.370       4.891   2.1221  12.5566    51.73      nan      nan    2.952 M2.6      nan    nan   2.721     nan                                None
Gaia DR3 3045051582878063232 108.5339518 -12.6816955 19.477  3.026       4.593   2.0823  12.7349    50.43      nan      nan    2.931 M4.2      nan    nan   1.018     nan                                None
Gaia DR3 3032028421707146496 111.1729331 -13.5103828 15.216  1.710       2.236   0.9888  13.0162    50.78    71.64     4.67    2.861 K7.0      nan    nan   1.008     nan                            Gaia DR3
Gaia DR3 3033408686756034944 112.5671587 -13.2492793 17.136  2.333       3.222   2.3523  14.6016    50.63      nan      nan    2.922 M2.4      nan    nan   1.012     nan                                None
Gaia DR3 3032165207824532608 108.5536911 -14.8175498 18.958    nan       2.761   1.8689  14.6019    51.33      nan      nan    2.879  nan      nan    nan   1.044     nan                                None
Gaia DR3 3034398556457333760 110.7047881 -12.5404275 17.776  2.649       4.081   1.4550  14.9033    50.37      nan      nan    3.070 M3.4      nan    nan   0.897     nan                                None
Gaia DR3 3030156022117836160 112.8700384 -14.5398565 19.782  2.635       3.899   2.6131  15.5070    51.16      nan      nan    2.977 M3.4      nan    nan   0.991     nan                                None
Gaia DR3 3044690603771227264 107.7533162 -12.9508056 19.661  2.386       1.620   2.6164  15.7504    50.53      nan      nan    2.990 M2.7      nan    nan   1.046     nan                                None
Gaia DR3 3046690443618595200 109.6169383 -11.8741252 13.258  0.956       2.761   2.1428  17.2776    50.08     7.77     2.01    2.861 G9.2      nan    nan   1.078     nan                            Gaia DR3
Gaia DR3 3033207063810400384 112.3913768 -13.9913593 11.906  0.828       4.544   2.0796  17.3574    50.95    -3.75     1.54    3.072 G2.6      nan    nan   2.678     nan                            Gaia DR3
Gaia DR3 3046819876755510400 109.8243031 -10.9792555 16.040  2.016       2.244   2.9761  17.6208    49.67      nan      nan    2.949 M0.7      nan    nan   1.022     nan                                None
Gaia DR3 3046898388752599040 110.0348139 -10.9792721 19.100    nan       3.315   2.9544  17.9143    49.67      nan      nan    2.926  nan      nan    nan   1.071     nan                                None
Gaia DR3 3030186705366904960 113.3154765 -14.3319372 19.346    nan       1.309   3.0007  18.0906    51.06      nan      nan    2.996  nan      nan    nan   1.119     nan                                None
Gaia DR3 3028462391955195904 111.5783047 -15.8941002 19.478  2.822       2.801   2.3497  19.0233    51.75      nan      nan    2.851 M3.7      nan    nan   1.027     nan                                None
Gaia DR3 3033454380909879168 113.2597442 -12.7149667 19.358  2.786       4.676   3.1697  19.2882    50.37      nan      nan    3.006 M3.7      nan    nan   1.038     nan                                None
Gaia DR3 3034412747030289920 111.0590885 -12.4372637 15.229  1.744       4.132   1.6848  19.3684    50.32    16.34     6.38    2.821 K7.2      nan    nan   1.092     nan                            Gaia DR3
Gaia DR3 3033509326429161344 112.0453822 -13.3237784 14.631  1.486       3.621   1.8464  20.5589    50.68    11.72     4.92    2.815 K5.2      nan    nan   1.094     nan                            Gaia DR3
Gaia DR3 3028371407370693504 113.3619297 -15.2971909 18.276  2.317       3.777   3.3090  20.7757    51.45      nan      nan    2.902 M2.4      nan    nan   1.010     nan                                None
Gaia DR3 3027675145928846848 110.9604455 -17.2158297 19.594    nan       4.149   3.3601  20.8958    52.26      nan      nan    2.906  nan      nan    nan   1.072     nan                                None
Gaia DR3 3033317118051810816 113.1734303 -13.7397748 16.111  2.202       4.623   2.8452  21.0479    50.82      nan      nan    3.078 M1.7      nan    nan   1.191     nan                                None
Gaia DR3 3028546504596151552 112.6339690 -15.3596424 18.086  2.861       4.981   2.7160  21.5663    51.51      nan      nan    2.840 M3.8      nan    nan   0.951     nan                                None
Gaia DR3 3046909933628983040 110.1134553 -10.8308925 13.400  1.040       3.490   3.0982  21.7132    49.60   -39.73     2.09    2.863 K1.6      nan    nan   0.949     nan                            Gaia DR3
Gaia DR3 2936214328461660544 106.8261780 -15.4760725 18.166  2.759       3.187   3.6559  22.3412    51.55      nan      nan    3.017 M3.6      nan    nan   1.151     nan                                None
Gaia DR3 3028184249872945152 112.0768864 -16.4671396 19.325  2.935       3.114   3.0928  22.5176    51.96      nan      nan    2.851 M4.0      nan    nan   1.052     nan                                None
Gaia DR3 2935925053819479040 107.5653753 -16.2976562 18.995  3.035       4.491   3.5124  22.7729    51.90      nan      nan    2.883 M4.2      nan    nan   1.068     nan                                None
Gaia DR3 3047341904260106240 110.4024940 -10.1982718 18.808    nan       4.558   3.7310  23.8350    49.30      nan      nan    2.886  nan      nan    nan   1.038     nan                                None
Gaia DR3 3033208335124754304 112.5590540 -13.9195885 10.586  1.116       4.250   2.2417  23.8964    50.92    -3.81     0.25    2.796 K2.1      nan    nan   1.027     nan                            Gaia DR3
Gaia DR3 3034070970711212800 113.6838991 -11.9246480 13.749  1.133       4.875   3.9000  23.9355    50.00    39.46     2.43    2.908 K2.2      nan    nan   1.075     nan                            Gaia DR3
Gaia DR3 3035210270914487424 112.2643618 -10.6207802 17.756  2.521       0.293   3.8472  24.2018    49.46      nan      nan    2.893 M3.1      nan    nan   1.093     nan                                None
Gaia DR3 3047815789467244416 108.1563428 -10.6981385 18.718  2.747       4.011   3.8212  24.2906    49.52      nan      nan    3.047 M3.6      nan    nan   1.087     nan                                None
Gaia DR3 3034181231110700160 113.7992777 -11.6937405 16.303  2.190       4.243   4.1187  24.6228    49.89      nan      nan    3.003 M1.6      nan    nan   1.030     nan                                None
Gaia DR3 3032011654153996288 110.7945919 -13.6440530 14.756  1.491       1.148   0.5999  24.9256    50.85    -7.90     4.01    2.757 K5.2      nan    nan   1.084     nan                            Gaia DR3
