GaiaDR3                               RA         DEC   Gmag  Bp-Rp  Voff(km/s) Sep(deg)   3D(pc) Vr(pred)  Vr(obs)    Vrerr Plx(mas)  SpT    FnuvJ  W1-W3    RUWE  XCrate                               RVsrc     PMRA    PMDec    PMRApred   PMDecpred
Gaia DR3 2929750922377138816 110.2473552 -21.1146380 12.248  1.055       0.000   0.0000   0.0000    90.06    90.06     0.45    4.504 K1.7      nan    nan   1.021     nan                            Gaia DR3   15.564    2.636      15.564       2.636
Gaia DR3 2930797451287180544 108.1299599 -20.1891583 17.491  2.648       4.225   2.1868   9.8292    89.47      nan      nan    4.409 M3.4      nan    nan   1.022     nan                                None   18.144    1.014      14.641      -0.762
Gaia DR3 5619842046857966336 111.2978146 -21.4818134 18.724  2.738       3.625   1.0453  11.4705    90.30      nan      nan    4.734 M3.6      nan    nan   1.040     nan                                None   14.799    3.451      14.189       7.016
Gaia DR3 2931553984008691840 110.4041016 -17.8135970 18.116  2.944       3.186   3.3043  13.9097    90.11      nan      nan    4.626 M4.0      nan    nan   1.028     nan                                None   15.756   -2.345      12.679      -1.915
Gaia DR3 2931556526617520384 110.4516781 -17.7441177 13.526    nan       2.999   3.3760  13.9171    90.12    34.82     3.12    4.612  nan      nan    nan   0.886     nan                            Gaia DR3   15.639   -2.440      12.933      -1.355
Gaia DR3 2931556526629239808 110.4515980 -17.7445279 13.333  1.410       3.052   3.3756  14.3053    90.12    34.48     1.98    4.634 K4.7      nan    nan   1.031     nan                            Gaia DR3   15.715   -2.451      12.736      -2.572
Gaia DR3 5617157005101130496 108.6879547 -25.3942769 14.939  1.979       4.677   4.5129  17.4714    89.17      nan      nan    4.512 M0.6      nan    nan   2.395     nan                                None   17.785    8.834      14.417       5.929
Gaia DR3 5616413391645474944 109.7918452 -25.8078360 18.043  3.012       4.398   4.7117  18.2520    89.41      nan      nan    4.504 M4.1      nan    nan   1.001     nan                                None   16.205    9.573      12.736      11.898
Gaia DR3 2932550480839043072 106.2379379 -19.9532964 18.969  3.012       4.487   3.9300  18.2965    88.82      nan      nan    4.732 M4.1      nan    nan   0.995     nan                                None   22.244    0.485      17.782       0.840
Gaia DR3 3028128282162945664 112.4754391 -16.6536548 16.698  2.233       3.238   4.9337  19.1158    90.55      nan      nan    4.540 M1.9      nan    nan   6.418     nan                                None   12.511   -3.903       9.608      -2.817
Gaia DR3 5614960730628216320 113.5274328 -25.2193621 17.160  2.684       4.487   5.0927  19.7387    90.35      nan      nan    4.499 M3.5      nan    nan   1.029     nan                                None   10.905    9.067       8.026      12.202
Gaia DR3 5620491033596577280 112.5119219 -19.5474489 16.513  2.436       2.932   2.6391  19.7558    90.65      nan      nan    4.190 M2.8      nan    nan   1.028     nan                                None   11.497    0.446       9.293       1.804
Gaia DR3 3027393052471751680 112.9310721 -16.5860168 19.912  0.386       4.317   5.1917  20.5512    90.64      nan      nan    4.436 F0.0      nan    nan   0.968     nan                                None   11.586   -3.887       9.466      -7.322
Gaia DR3 5716788525398320000 115.2651177 -18.9827166 18.120  2.880       4.148   5.1729  20.6760    91.15      nan      nan    4.631 M3.9      nan    nan   1.001     nan                                None    8.677   -0.213       6.829       3.391
Gaia DR3 3031054387540319360 109.5264102 -15.8845373 16.785  2.663       3.160   5.2746  21.1586    89.73      nan      nan    4.641 M3.4      nan    nan   1.315     nan                                None   17.081   -5.390      16.877      -8.474
Gaia DR3 3027838560846953344 110.6316872 -17.2824930 18.757  2.976       4.128   3.8493  21.1875    90.14      nan      nan    4.227 M4.1      nan    nan   1.070     nan                                None   14.098   -2.871      12.156       0.254
Gaia DR3 5715529279645004800 115.7500805 -20.2375083 13.891  1.534       4.443   5.2222  21.4483    91.20    34.80     2.07    4.675 K5.3      nan    nan   1.027     nan                            Gaia DR3    8.040    1.778      12.374       1.151
Gaia DR3 5619642515551371008 111.8355591 -21.5560042 10.314  0.663       3.932   1.5438  21.7360    90.43    -9.27     0.33    4.974 F6.7      nan    nan   1.781     nan                            Gaia DR3   14.709    3.801      13.132      -0.009
Gaia DR3 2927474791568092416 106.9759143 -23.4757569 17.741  2.870       2.413   3.8386  22.0558    88.88      nan      nan    4.873 M3.8      nan    nan   1.036     nan                                None   21.797    6.223      22.410       3.822
Gaia DR3 3027400164944515072 113.1236254 -16.5067701 15.676  2.350       4.552   5.3516  22.5912    90.67      nan      nan    4.346 M2.5      nan    nan   1.691     nan                                None   11.088   -3.912       7.705      -6.352
Gaia DR3 3031363934419854336 109.4514494 -15.4626273 18.127  2.922       4.993   5.7023  23.0645    89.67      nan      nan    4.393 M3.9      nan    nan   1.054     nan                                None   16.271   -5.719      13.971      -9.730
Gaia DR3 5712137698590899712 116.5854226 -21.5975983  9.966  0.647       2.294   5.9222  23.0936    91.23    12.65     0.28    4.590 F6.2      nan    nan   0.903     nan                            Gaia DR3    6.676    3.880       7.711       5.842
Gaia DR3 5712137698590901120 116.5847200 -21.5994463  9.277  0.596       3.375   5.9216  23.1740    91.23    13.18     0.30    4.602 F5.2      nan    nan   1.067     nan                            Gaia DR3    6.695    3.893       7.290       7.113
Gaia DR3 3027481150851367936 113.5499690 -16.4688624 16.532  2.351       4.966   5.5992  23.2577    90.76      nan      nan    4.359 M2.5      nan    nan   1.050     nan                                None   10.533   -3.956      11.091       0.573
Gaia DR3 5615885557344261632 115.7750620 -22.8718694 17.393  2.646       3.369   5.4178  23.6918    91.02      nan      nan    4.763 M3.4      nan    nan   0.999     nan                                None    8.153    6.022      10.735       3.838
Gaia DR3 5717299076745730304 115.3774344 -17.2635653 17.319  2.652       4.555   6.1880  24.4331    91.11      nan      nan    4.432 M3.4      nan    nan   3.182     nan                                None    8.146   -2.756       4.005      -3.736
Gaia DR3 5712196488106822016 116.4473832 -21.4000960 12.733  1.170       3.924   5.7849  24.6613    91.23   -29.58     1.07    4.750 K2.6      nan    nan   0.895     nan                            Gaia DR3    7.118    3.694       5.805       7.398
Gaia DR3 5712002252507421568 116.0985876 -22.1453960 17.580  2.761       1.770   5.5356  24.9141    91.13      nan      nan    4.802 M3.6      nan    nan   1.140     nan                                None    7.727    4.919       7.053       3.259
