Gaia DR3                              RA         DEC   Gmag  Bp-Rp  Voff(km/s) Sep(deg)   3D(pc) Vr(pred)  Vr(obs)    Vrerr Plx(mas)  SpT    FnuvJ  W1-W3    RUWE  XCrate RVsrc 
 Gaia DR3 164800235906366976  63.9283413  29.1665395 13.981  2.857       0.000   0.0000   0.0000    13.35    13.35     3.39    6.247 M3.8      nan    nan   1.355     nan                            Gaia DR3
 Gaia DR3 164800235906367232  63.9279439  29.1654820 17.445  4.811       0.818   0.0011   0.2634    13.35      nan      nan    6.258 M7.1      nan    nan   0.888     nan                                None
 Gaia DR3 164800820022316800  63.8504790  29.1786679 18.408  4.270       0.243   0.0691   0.4922    13.34      nan      nan    6.230 M6.4      nan    nan   1.166     nan                                None
 Gaia DR3 165949844034471680  63.2380644  30.3115064 17.243  3.089       3.822   1.2923   5.6619    12.98      nan      nan    6.424 M4.3      nan    nan   0.954     nan                                None
 Gaia DR3 162950204514907648  64.2295974  27.5852274 17.326  3.514       3.090   1.6034   5.8268    13.77      nan      nan    6.399 M5.3      nan    nan   2.393     nan                                None
 Gaia DR3 164265220422661760  61.6777154  29.0336601 15.400  3.489       1.349   1.9710   6.9915    13.05    20.26     5.73    6.087 M5.3      nan    nan   1.212     nan                            Gaia DR3
 Gaia DR3 165937195352452224  63.2353881  30.2203630 18.639  3.544       3.712   1.2136   7.0312    13.00      nan      nan    6.499 M5.4      nan    nan   1.042     nan                                None
 Gaia DR3 164802984685384320  63.9221985  29.2521211 16.695  4.146       0.683   0.0857   7.2586    13.33      nan      nan    6.544 M6.3      nan    nan   1.013     nan                                None
 Gaia DR3 152288824375681536  65.5699189  26.9158028 16.100  2.976       0.061   2.6767   7.6468    14.11      nan      nan    6.318 M4.1      nan    nan   1.610     nan                                None
 Gaia DR3 152293149405058816  65.4430196  26.9914175 18.624  4.167       0.999   2.5528   7.7851    14.07      nan      nan    6.134 M6.3      nan    nan   1.055     nan                                None
 Gaia DR3 152099055539792000  65.6002503  26.7737992 15.001  3.787       0.430   2.8116   7.9039    14.15      nan      nan    6.291 M5.8      nan    nan   1.169     nan                                None
 Gaia DR3 152280165721635968  65.4784793  26.7103113 16.034  3.795       0.267   2.8121   8.1846    14.14      nan      nan    6.166 M5.8      nan    nan   1.012     nan                                None
 Gaia DR3 169155023511080832  62.3055337  31.7729265 10.748  0.992       1.006   2.9578   8.2681    12.48    14.47     0.41    6.241 K0.4      nan    nan   2.432     nan                            Gaia DR3
 Gaia DR3 152305248330621184  65.3941991  27.0273476 16.436  4.602       0.390   2.4996   8.2958    14.06      nan      nan    6.083 M6.8      nan    nan   1.025     nan                                None
 Gaia DR3 163457006358270720  61.2934545  27.3536726 19.100  3.283       2.462   2.9448   8.3734    13.39      nan      nan    6.194 M4.8      nan    nan   1.049     nan                                None
 Gaia DR3 152108882425024128  66.1103128  26.8305459 16.939  4.308       0.169   3.0278   8.6811    14.20      nan      nan    6.334 M6.5      nan    nan   0.976     nan                                None
 Gaia DR3 152349022637314176  65.1065434  27.0097959 17.018  4.341       0.559   2.3941   8.8135    14.02      nan      nan    6.036 M6.5      nan    nan   0.921     nan                                None
 Gaia DR3 152104381299305728  66.2006956  26.7210637 10.732  1.803       2.254   3.1637   8.8693    14.24    17.50     2.93    6.226 K7.7      nan    nan   1.234     nan                            Gaia DR3
 Gaia DR3 152903515798105856  67.1845966  28.7384658 17.300  3.095       0.934   2.8812   8.9415    13.88      nan      nan    6.106 M4.3      nan    nan   0.996     nan                                None
 Gaia DR3 152057239738385792  66.2092480  26.6834438 16.262  3.997       0.637   3.1978   9.2369    14.25      nan      nan    6.351 M6.1      nan    nan   1.039     nan                                None
 Gaia DR3 150565546057662464  65.6910100  26.2596508 13.453  1.627       3.749   3.2991   9.2397    14.28    -6.95     1.17    6.286 K5.6      nan    nan   1.078     nan                            Gaia DR3
 Gaia DR3 152098299625634816  65.6995591  26.7646097 15.950  3.301       0.529   2.8663   9.2833    14.16      nan      nan    6.445 M4.9      nan    nan   1.207     nan                                None
 Gaia DR3 168908664185448960  61.6187408  30.3628779 17.792  3.228       4.371   2.3346   9.7315    12.73      nan      nan    5.982 M4.7      nan    nan   1.048     nan                                None
 Gaia DR3 152000786688289664  66.1858074  26.1705094 15.441  2.805       0.306   3.6016  10.0691    14.36      nan      nan    6.281 M3.7      nan    nan   1.502     nan                                None
 Gaia DR3 169585551027208448  63.1775599  32.6218279 19.139  3.233       3.647   3.5148  10.2038    12.39      nan      nan    6.371 M4.7      nan    nan   1.001     nan                                None
 Gaia DR3 152109054223716480  66.0967752  26.8355746 14.158  2.999       0.245   3.0163  10.4083    14.20    14.22     7.94    6.505 M4.1      nan    nan   2.480     nan                            Gaia DR3
 Gaia DR3 151283870746458496  66.6225132  26.4037324 17.577  4.104       0.154   3.6486  10.4636    14.37      nan      nan    6.355 M6.2      nan    nan   1.203     nan                                None
 Gaia DR3 166837390435890688  60.1358979  28.7747584 15.518  2.531       4.778   3.3408  10.6433    12.88    16.51     9.48    6.064 M3.1      nan    nan   1.027     nan                            Gaia DR3
 Gaia DR3 151286550806099712  66.8528931  26.4054272 14.780  3.244       0.447   3.7836  10.6592    14.40    20.88     3.21    6.318 M4.7      nan    nan   1.198     nan                            Gaia DR3
 Gaia DR3 172327251991651456  66.6021852  32.2696348 16.523  2.831       4.634   3.8614  10.9354    12.93      nan      nan    6.335 M3.8      nan    nan   1.056     nan                                None
 Gaia DR3 152284735566828032  65.4152545  26.8204918 16.877  4.475       0.925   2.6884  11.0639    14.11      nan      nan    5.952 M6.7      nan    nan   0.945     nan                                None
 Gaia DR3 162260226608005120  61.7140587  25.6912640 12.043  1.879       1.032   3.9922  11.1754    13.83    15.03     1.75    6.296 M0.2      nan    nan   1.513     nan                            Gaia DR3
 Gaia DR3 159172832316190720  68.2329632  30.6180813 17.923  3.190       3.333   4.0039  11.2493    13.55      nan      nan    6.313 M4.6      nan    nan   1.173     nan                                None
 Gaia DR3 151224905139065216  66.5102042  25.7267567 18.409  3.520       4.012   4.1327  11.5765    14.51      nan      nan    6.226 M5.3      nan    nan   0.996     nan                                None
 Gaia DR3 167717957513671040  60.2436772  30.8551576 19.421  3.393       3.171   3.6096  11.5794    12.40      nan      nan    6.044 M5.1      nan    nan   1.050     nan                                None
 Gaia DR3 172482450634260608  66.4539311  32.7629413 17.683  3.337       4.826   4.1977  11.8431    12.79      nan      nan    6.197 M4.9      nan    nan   1.020     nan                                None
 Gaia DR3 150343616506419712  65.1049010  25.0470024 17.262  3.179       4.198   4.2505  11.8769    14.47      nan      nan    6.243 M4.6      nan    nan   0.986     nan                                None
 Gaia DR3 166063677847333760  63.3715120  31.1495750 11.488  1.133       3.040   2.0406  12.0474    12.79     6.50     0.36    6.696 K2.2      nan    nan   1.413     nan                            Gaia DR3
 Gaia DR3 149684008312735744  65.9320568  25.1970889 17.658  3.541       1.134   4.3510  12.3892    14.55      nan      nan    6.171 M5.4      nan    nan   0.956     nan                                None
 Gaia DR3 152104381299305600  66.2044094  26.7194799 10.822  1.709       1.504   3.1670  12.4952    14.24    17.03     3.58    6.623 K7.0      nan    nan   2.077     nan                            Gaia DR3
 Gaia DR3 149581002113626880  65.6251511  24.9421388 17.565  3.256       1.686   4.4863  12.5223    14.57      nan      nan    6.258 M4.8      nan    nan   1.067     nan                                None
 Gaia DR3 151272287218542336  66.8092755  26.2861879 19.318  3.212       4.105   3.8467  12.6448    14.42      nan      nan    6.535 M4.6      nan    nan   1.039     nan                                None
 Gaia DR3 163454261877790464  61.2954564  27.2739406 17.520  3.051       4.997   2.9938  12.7060    13.41      nan      nan    6.654 M4.2      nan    nan   1.014     nan                                None
 Gaia DR3 150730777742084096  64.7010772  26.0384808 19.614  3.035       3.715   3.2021  12.9094    14.19      nan      nan    6.644 M4.2      nan    nan   0.994     nan                                None
 Gaia DR3 162259814291151616  61.6852176  25.6716506 16.345  3.721       0.908   4.0220  12.9236    13.83      nan      nan    6.524 M5.7      nan    nan   1.064     nan                                None
 Gaia DR3 151526175620701824  68.2688595  26.5602214 14.885  3.849       2.326   4.6381  12.9433    14.54    13.63     7.31    6.265 M5.9      nan    nan   1.281     nan                            Gaia DR3
 Gaia DR3 162132270942595840  61.9569807  24.7700505 17.082  2.879       2.452   4.7343  13.2116    14.07      nan      nan    6.274 M3.9      nan    nan   1.031     nan                                None
 Gaia DR3 167060591296285952  59.0416232  28.8184789 16.539  2.716       3.796   4.2882  13.2777    12.69      nan      nan    6.499 M3.5      nan    nan   0.959     nan                                None
 Gaia DR3 158915129982775936  69.3450262  29.6468675 12.667  1.337       3.401   4.7427  13.4517    13.92    16.15     1.07    6.365 K4.1      nan    nan   0.982     nan                            Gaia DR3
 Gaia DR3 162259951730099968  61.7236038  25.6768336 16.090  3.695       0.811   4.0007  13.5518    13.83      nan      nan    6.579 M5.6      nan    nan   1.099     nan                                None
 Gaia DR3 151519269313346816  68.6467820  26.6798023 18.263  3.704       4.609   4.8537  13.6565    14.55      nan      nan    6.340 M5.6      nan    nan   1.899     nan                                None
 Gaia DR3 152104381299305856  66.2053087  26.7174423 12.698  2.499       0.909   3.1691  13.7988    14.24    17.01     4.49    6.701 M3.0      nan    nan   2.998     nan                            Gaia DR3
 Gaia DR3 175937597206263296  64.1236544  33.9170701 18.135  3.165       2.671   4.7534  13.8915    12.19      nan      nan    6.435 M4.5      nan    nan   0.968     nan                                None
 Gaia DR3 151127907597788672  68.4780121  26.2242246 13.186  2.736       0.447   4.9877  13.9480    14.64     7.26    14.49    6.234 M3.6      nan    nan   1.176     nan                            Gaia DR3
 Gaia DR3 151129011404806912  68.4361171  26.2500423 16.561  4.709       1.555   4.9421  13.9870    14.63      nan      nan    6.180 M7.0      nan    nan   1.401     nan                                None
 Gaia DR3 151787064819255936  67.8612773  27.0551366 19.676  3.576       0.772   4.0606  14.1622    14.37      nan      nan    6.615 M5.4      nan    nan   1.255     nan                                None
 Gaia DR3 153037454354477056  67.7887064  29.3008122  9.648  0.991       1.239   3.3712  14.2937    13.82    -2.99     0.25    6.710 K0.4      nan    nan   1.248     nan                            Gaia DR3
 Gaia DR3 167632852739670912  60.5240828  30.3463653 16.435  2.954       2.111   3.1820  14.3864    12.57      nan      nan    5.843 M4.0      nan    nan   1.089     nan                                None
 Gaia DR3 150501362066641664  65.5685589  25.8198609 17.583  4.717       1.603   3.6491  14.4196    14.36      nan      nan    6.687 M7.0      nan    nan   0.979     nan                                None
 Gaia DR3 151037064744973696  67.9935842  25.7249112 14.021  3.387       3.144   4.9852  14.5337    14.70    12.33     2.69    6.441 M5.1      nan    nan   1.265     nan                            Gaia DR3
 Gaia DR3 163373928809212032  60.7556807  26.9880785 16.343  1.578       4.207   3.5468  14.7182    13.39      nan      nan    6.717 K5.5      nan    nan  11.564     nan                                None
 Gaia DR3 165294084130269696  65.7375588  30.2106121 18.953  3.323       3.828   1.8869  14.9162    13.34      nan      nan    6.848 M4.9      nan    nan   0.946     nan                                None
 Gaia DR3 163704297693629824  60.4798639  27.6523927 15.865  2.323       3.740   3.3899  14.9531    13.19      nan      nan    5.836 M2.4      nan    nan   1.054     nan                                None
 Gaia DR3 151496587590905216  69.1971389  26.7092198 17.374  3.998       3.645   5.2627  15.1195    14.61      nan      nan    6.419 M6.1      nan    nan   1.985     nan                                None
 Gaia DR3 166115664132366464  65.1437741  30.6060278 19.303  3.236       2.690   1.7840  15.1923    13.16      nan      nan    5.736 M4.7      nan    nan   1.000     nan                                None
 Gaia DR3 148010281032823552  68.4128654  25.3438348 12.137  1.896       1.139   5.5221  15.4153    14.84      nan      nan    6.253 M0.3      nan    nan   1.419     nan                                None
 Gaia DR3 164480793418882816  64.4331413  28.0991739 16.281  3.286       1.386   1.1557  15.7095    13.67      nan      nan    6.913 M4.8      nan    nan   1.020     nan                                None
  Gaia DR3 66367419503725440  60.3095570  25.1964446 15.789  2.542       4.837   5.1104  16.0475    13.71      nan      nan    6.576 M3.1      nan    nan   1.039     nan                                None
 Gaia DR3 170803912995836800  61.9804811  34.1258635 12.799  1.550       1.434   5.2288  16.0531    11.84     7.02     1.29    6.549 K5.4      nan    nan   8.485     nan                            Gaia DR3
 Gaia DR3 170833050053548416  62.8193088  34.6208638 14.392  2.073       3.956   5.5349  16.1706    11.83   -41.61     2.56    6.093 M0.9      nan    nan   1.001     nan                            Gaia DR3
 Gaia DR3 158048409878217216  70.3200653  28.6665885 13.789  2.785       4.507   5.6164  16.2068    14.27    20.00    14.20    6.446 M3.7      nan    nan   5.894     nan                            Gaia DR3
 Gaia DR3 151130591952773632  68.2825802  26.2684128 16.816  5.233       1.750   4.8218  16.2115    14.61      nan      nan    6.646 M7.5      nan    nan   1.249     nan                                None
 Gaia DR3 152646096934026112  67.3277886  28.0403510 14.859  2.209       2.987   3.1898  16.2912    14.07    24.45     6.86    6.841 M1.7      nan    nan  18.512     nan                            Gaia DR3
 Gaia DR3 159726127183079552  69.4216728  31.7559484 11.449  1.016       2.193   5.3957  16.3142    13.39    29.49     0.60    6.533 K1.1      nan    nan   0.957     nan                            Gaia DR3
 Gaia DR3 146319193494413696  66.9391708  23.9567090 19.704  3.636       0.957   5.8639  16.3576    14.96      nan      nan    6.295 M5.5      nan    nan   1.096     nan                                None
 Gaia DR3 172929165887161856  67.1784907  33.7412072 19.540  3.207       2.333   5.3484  16.4015    12.62      nan      nan    6.018 M4.6      nan    nan   1.027     nan                                None
 Gaia DR3 176857617860675584  62.7894996  34.9275397 11.379  1.094       3.560   5.8412  16.4046    11.75    12.09     0.22    6.357 K2.0      nan    nan   2.265     nan                            Gaia DR3
 Gaia DR3 164856169263841024  65.1823166  29.4496132 19.545  3.385       2.370   1.1295  16.5272    13.45      nan      nan    6.954 M5.1      nan    nan   1.041     nan                                None
 Gaia DR3 151106780653458944  67.6850105  26.0231201 14.543  2.233       4.063   4.5782  16.5578    14.59      nan      nan    6.710 M1.9      nan    nan   2.023     nan                                None
 Gaia DR3 151851867285622528  68.1198004  27.7698134 15.678  3.951       2.741   3.9401  16.6421    14.23      nan      nan    6.794 M6.0      nan    nan   1.044     nan                                None
 Gaia DR3 158543495051766144  70.7527466  29.8118903 18.212  3.216       1.961   5.9743  16.6938    14.03      nan      nan    6.240 M4.7      nan    nan   0.952     nan                                None
 Gaia DR3 150073682105601408  63.1696236  24.6376202 14.562  3.032       0.894   4.5791  16.7839    14.28      nan      nan    6.726 M4.2      nan    nan   1.220     nan                                None
 Gaia DR3 164300125618829696  62.0413204  29.3459796 19.313  3.368       2.260   1.6560  16.8059    13.03      nan      nan    6.952 M5.0      nan    nan   1.709     nan                                None
 Gaia DR3 147994269394452352  68.7305518  25.1285830 18.794    nan       2.341   5.8779  16.8848    14.92      nan      nan    6.125  nan      nan    nan   1.073     nan                                None
 Gaia DR3 157954362978632832  70.3088697  28.6284169 11.767  1.155       1.761   5.6112  16.8994    14.27     7.75     0.59    6.036 K2.4      nan    nan   1.002     nan                            Gaia DR3
 Gaia DR3 158165714024754688  70.6157323  29.6623684 13.141  3.091       3.532   5.8456  16.9380    14.05    12.69     2.13    6.104 M4.3      nan    nan   2.745     nan                            Gaia DR3
 Gaia DR3 148564190079149184  70.1192862  26.6596152 18.057  3.577       1.314   6.0165  16.9583    14.73      nan      nan    6.381 M5.4      nan    nan   0.943     nan                                None
 Gaia DR3 176819959587712000  63.4690622  34.8545781 13.016  1.561       3.031   5.7013  17.0456    11.86   -48.34     1.19    6.530 K5.4      nan    nan   1.025     nan                            Gaia DR3
 Gaia DR3 218440975821470720  59.2910666  33.2554597 11.694  1.158       3.593   5.6950  17.0924    11.66    -1.09     0.52    6.538 K2.5      nan    nan   1.101     nan                            Gaia DR3
 Gaia DR3 157985011864330368  69.3182054  28.5292158 17.278  2.922       1.818   4.7634  17.1576    14.19      nan      nan    6.727 M3.9      nan    nan   1.028     nan                                None
 Gaia DR3 166948819068205696  58.3030333  28.5292006 14.052  2.486       2.334   4.9678  17.3536    12.63     2.68     7.01    5.886 M3.0      nan    nan   1.195     nan                            Gaia DR3
  Gaia DR3 67362821121861376  57.9400251  25.8861753 15.772  2.115       4.338   6.2404  17.4008    13.16      nan      nan    6.294 M1.1      nan    nan   1.142     nan                                None
  Gaia DR3 67362821124855936  57.9397068  25.8848502 10.204  0.928       3.123   6.2413  17.5862    13.16     6.40     0.39    6.186 G8.6      nan    nan   0.832     nan                            Gaia DR3
 Gaia DR3 159105895249472256  67.8542796  29.8250450 16.635  2.811       2.484   3.4798  17.5993    13.70      nan      nan    6.892 M3.7      nan    nan   1.001     nan                                None
 Gaia DR3 170074387028829056  60.7933439  32.2052225 10.154  1.047       2.628   4.0618  17.6389    12.15      nan      nan    5.774 K1.7      nan    nan   1.013     nan                                None
  Gaia DR3 65893010298256000  60.3932718  23.7354377 18.139  3.166       3.786   6.2849  17.6901    14.04      nan      nan    6.191 M4.5      nan    nan   1.021     nan                                None
  Gaia DR3 67360725180835072  57.8533397  25.8377147 16.813  2.961       3.680   6.3322  17.7095    13.16      nan      nan    6.342 M4.0      nan    nan   1.084     nan                                None
 Gaia DR3 151127907599718528  68.4774760  26.2237483 15.414  3.195       1.960   4.9876  17.7803    14.64      nan      nan    5.864 M4.6      nan    nan   1.671     nan                                None
 Gaia DR3 159555320627071360  70.8202771  31.5794499 12.954  1.974       4.437   6.4153  17.8917    13.58     9.22     8.23    6.267 M0.6      nan    nan   9.603     nan                            Gaia DR3
 Gaia DR3 162652408662737280  61.6145472  26.7908694 15.724  2.569       2.886   3.1334  17.8979    13.56      nan      nan    6.934 M3.2      nan    nan   1.014     nan                                None
 Gaia DR3 147727672184672640  68.9951239  24.6445048 14.066  2.912       1.473   6.3908  17.9230    15.07    17.15     6.36    6.210 M3.9      nan    nan   1.161     nan                            Gaia DR3
 Gaia DR3 171956403040696064  69.7221325  33.0862857 19.250  3.546       2.974   6.3196  17.9420    13.08      nan      nan    6.155 M5.4      nan    nan   1.219     nan                                None
 Gaia DR3 159111912500245760  67.7895970  29.9333833 15.516  2.523       2.093   3.4452  17.9622    13.66    13.91     5.76    5.716 M3.1      nan    nan   1.076     nan                            Gaia DR3
  Gaia DR3 53798249252361728  61.4948992  23.0821087 16.927  3.039       2.995   6.4642  18.1137    14.36      nan      nan    6.361 M4.2      nan    nan   1.083     nan                                None
 Gaia DR3 150911548621115136  67.7077505  25.1079850 16.857  3.165       2.482   5.2702  18.1575    14.80      nan      nan    5.881 M4.5      nan    nan   1.067     nan                                None
 Gaia DR3 158494605440901760  70.8342873  29.6682501 14.001  3.572       4.433   6.0355  18.2052    14.07      nan      nan    6.020 M5.4      nan    nan   1.453     nan                                None
 Gaia DR3 173097872204357248  68.0326376  34.7200843 16.740  3.070       3.141   6.5536  18.2757    12.46      nan      nan    6.308 M4.3      nan    nan   0.973     nan                                None
 Gaia DR3 159319818980316032  70.2703513  30.1495271 14.383  2.090       1.932   5.5973  18.3490    13.89   -32.80     4.70    5.919 M1.0      nan    nan   1.494     nan                            Gaia DR3
 Gaia DR3 148289831863907840  70.4118046  25.9406756 15.969  3.201       2.684   6.5896  18.3783    14.93      nan      nan    6.266 M4.6      nan    nan   5.057     nan                                None
  Gaia DR3 67250121182270720  60.0558014  26.3080060 15.396  2.430       4.473   4.4625  18.4879    13.43   -42.32     4.64    6.853 M2.8      nan    nan   1.018     nan                            Gaia DR3
 Gaia DR3 164546038266077824  65.1076986  28.3231724 19.065  2.591       4.418   1.3343  18.5663    13.71      nan      nan    7.050 M3.3      nan    nan   1.173     nan                                None
 Gaia DR3 177097036516843904  63.0365283  35.6861957 14.541  1.896       4.503   6.5629  18.5871    11.58    27.34     4.72    6.161 M0.3      nan    nan   2.104     nan                            Gaia DR3
 Gaia DR3 147614422487144960  69.1354401  24.3609538 16.072  4.550       2.115   6.6846  18.6338    15.15      nan      nan    6.300 M6.8      nan    nan   1.198     nan                                None
 Gaia DR3 154586322638884992  71.2273553  27.2961264 12.390    nan       2.489   6.6958  18.6684    14.70    16.97    10.53    6.308  nan      nan    nan   1.270     nan                            Gaia DR3
 Gaia DR3 162978478282945024  62.4751074  26.7174060 19.784  2.811       2.222   2.7651  18.6880    13.71      nan      nan    5.653 M3.7      nan    nan   1.024     nan                                None
 Gaia DR3 164558824385911040  65.7028282  28.3834027 17.813  3.382       1.143   1.7414  18.8279    13.78      nan      nan    5.612 M5.0      nan    nan   0.967     nan                                None
 Gaia DR3 151130317074279552  68.3098789  26.2397747 19.488  3.545       1.578   4.8587  18.9844    14.62      nan      nan    5.788 M5.4      nan    nan   1.300     nan                                None
 Gaia DR3 170372900138247168  59.5288329  32.7011870 18.872  3.665       2.522   5.1695  18.9965    11.84      nan      nan    5.821 M5.6      nan    nan   1.037     nan                                None
 Gaia DR3 159525363231870848  71.3189241  31.6888687 17.359  4.055       4.393   6.8517  19.1367    13.61      nan      nan    6.342 M6.1      nan    nan   0.988     nan                                None
 Gaia DR3 146055624236793472  68.1273532  23.4822735 13.958  3.151       1.771   6.8157  19.1733    15.22      nan      nan    6.397 M4.5      nan    nan   3.687     nan                                None
 Gaia DR3 167204249362501760  60.4210388  28.8949090 19.689  3.008       4.725   3.0785  19.1849    12.89      nan      nan    7.009 M4.1      nan    nan   1.039     nan                                None
  Gaia DR3 72050412853513600  56.2078761  29.7699012 18.748  3.120       2.115   6.7474  19.3109    11.99      nan      nan    6.122 M4.4      nan    nan   1.089     nan                                None
 Gaia DR3 217039167214382208  56.8696323  32.5237278 16.594  2.927       3.113   6.9256  19.3391    11.45      nan      nan    6.342 M3.9      nan    nan   1.045     nan                                None
 Gaia DR3 151125919028356352  68.4033499  26.1635540 13.753  3.074       1.803   4.9717  19.4174    14.65      nan      nan    6.855 M4.3      nan    nan  10.785     nan                                None
 Gaia DR3 162541942104406784  60.9583225  26.3438618 16.959  3.814       0.385   3.8565  19.4951    13.56      nan      nan    6.971 M5.8      nan    nan   1.050     nan                                None
 Gaia DR3 158249306976130176  71.9525069  29.4196668 12.051  1.703       4.833   7.0013  19.5176    14.25      nan      nan    6.315 K7.0      nan    nan   1.546     nan                                None
 Gaia DR3 169518137225046144  63.6096541  32.4168743  9.866  0.768       0.580   3.2618  19.5553    12.50    -3.50     0.22    7.017 F9.6      nan    nan   1.007     nan                            Gaia DR3
 Gaia DR3 148196510814073728  70.2949653  25.9197830 18.077  4.124       4.008   6.5104  19.6007    14.92      nan      nan    6.595 M6.2      nan    nan   0.969     nan                                None
 Gaia DR3 177163694408915840  62.7046062  35.9834780 16.697  2.746       3.562   6.8943  19.7433    11.46      nan      nan    6.118 M3.6      nan    nan   1.005     nan                                None
 Gaia DR3 147994269394937856  68.7311640  25.1284813 13.961  1.928       3.020   5.8783  19.8301    14.92    33.05     2.11    5.869 M0.4      nan    nan   1.148     nan                            Gaia DR3
 Gaia DR3 158252403643279232  72.0892718  29.4511629 18.696  2.845       4.915   7.1205  19.9130    14.25      nan      nan    6.364 M3.8      nan    nan   1.374     nan                                None
 Gaia DR3 158401834147095680  72.0947937  29.7728930  7.395  0.067       4.775   7.1341  19.9369    14.17    17.53     0.60    6.357 A2.0      nan    nan   0.900     nan                            Gaia DR3
  Gaia DR3 53457641165063680  60.6748751  23.0120939 18.396  3.207       4.824   6.8118  19.9962    14.24      nan      nan    6.053 M4.6      nan    nan   0.902     nan                                None
 Gaia DR3 146050057959093632  67.8295182  23.5845928 18.357  4.378       1.845   6.5845  20.0047    15.16      nan      nan    5.989 M6.6      nan    nan   1.351     nan                                None
  Gaia DR3 66662672735563648  57.6783012  24.6386112 16.473  2.776       3.478   7.1786  20.0334    13.39      nan      nan    6.253 M3.6      nan    nan   1.049     nan                                None
 Gaia DR3 158252399348280704  72.0887508  29.4532303 13.048  2.215       4.500   7.1201  20.0753    14.25    13.83     8.29    6.420 M1.8      nan    nan   1.227     nan                            Gaia DR3
 Gaia DR3 148420639387738112  69.5036390  25.9824761 16.248  5.186       4.275   5.8776  20.1498    14.82      nan      nan    6.779 M7.5      nan    nan   0.944     nan                                None
 Gaia DR3 148116280825446784  70.5324654  25.3865545 13.726  2.783       2.984   6.9794  20.1539    15.07    11.97     7.71    6.510 M3.7      nan    nan  15.255     nan                            Gaia DR3
 Gaia DR3 158252231846211968  72.0562432  29.4148186 14.828  2.766       4.454   7.0917  20.1620    14.26    40.98     5.57    6.458 M3.6      nan    nan   1.107     nan                            Gaia DR3
 Gaia DR3 170311331784633472  59.5266726  32.3489121 16.626  3.148       3.917   4.9422  20.1789    11.92      nan      nan    5.740 M4.5      nan    nan   1.026     nan                                None
 Gaia DR3 158234192983875328  72.2394136  29.2310158 15.626  3.760       4.964   7.2538  20.2136    14.32      nan      nan    6.284 M5.7      nan    nan   1.079     nan                                None
 Gaia DR3 145886539965771648  67.3754993  22.6542047 13.575  2.803       1.652   7.2115  20.2146    15.30      nan      nan    6.211 M3.7      nan    nan   1.181     nan                                None
 Gaia DR3 145895714015770752  67.0237603  22.6829942 15.834  2.826       1.036   7.0549  20.3276    15.25      nan      nan    6.507 M3.7      nan    nan   1.204     nan                                None
 Gaia DR3 158244599689602048  72.0529301  29.3063501 19.137  3.292       4.217   7.0896  20.3447    14.29      nan      nan    6.494 M4.8      nan    nan   0.947     nan                                None
 Gaia DR3 145950895754320384  68.1007061  22.8522323 15.214  3.487       0.569   7.3421  20.4959    15.35      nan      nan    6.248 M5.3      nan    nan   1.253     nan                                None
 Gaia DR3 155230907037346048  72.3421372  29.1866304 19.552  3.306       4.914   7.3447  20.5577    14.35      nan      nan    6.222 M4.9      nan    nan   0.989     nan                                None
 Gaia DR3 145494460991086976  66.7808849  22.2509669 16.128  4.094       2.573   7.3768  20.6771    15.31      nan      nan    6.211 M6.2      nan    nan   1.023     nan                                None
 Gaia DR3 147534531800292480  69.1680376  23.8611788 19.641  3.591       1.749   7.0781  20.6963    15.26      nan      nan    6.056 M5.5      nan    nan   1.097     nan                                None
 Gaia DR3 148253681124118016  71.2653625  26.0127908 17.204  2.971       4.358   7.2249  20.7461    15.01      nan      nan    6.503 M4.0      nan    nan   0.997     nan                                None
 Gaia DR3 168628735397020800  58.2168650  31.1377605 18.072  3.267       4.802   5.3166  20.7603    12.01      nan      nan    6.904 M4.8      nan    nan   0.990     nan                                None
 Gaia DR3 159572470433180416  71.2399698  31.6906753 17.149  2.916       4.729   6.7891  20.7840    13.60      nan      nan    6.651 M3.9      nan    nan   0.995     nan                                None
 Gaia DR3 163910524843528320  61.4071938  27.9834953 19.325  2.283       3.681   2.5102  20.7851    13.26      nan      nan    5.572 M2.2      nan    nan   1.489     nan                                None
 Gaia DR3 165525703126249088  63.1268101  28.8779646 17.942  3.374       4.916   0.7580  20.8421    13.31      nan      nan    7.178 M5.0      nan    nan   0.958     nan                                None
 Gaia DR3 145951789107603200  68.2046902  22.8840541 14.056  2.816       1.946   7.3627  20.8617    15.36      nan      nan    6.152 M3.7      nan    nan   1.147     nan                                None
 Gaia DR3 173085433979186560  68.2790684  34.5407932  9.208  0.611       0.847   6.5204  20.9013    12.53    16.84     1.46    6.724 F5.4      nan    nan   0.855     nan                            Gaia DR3
 Gaia DR3 170636233173375360  62.2444706  33.5932228 18.604  3.238       1.242   4.6540  20.9246    12.02      nan      nan    5.684 M4.7      nan    nan   0.975     nan                                None
 Gaia DR3 162260226605718784  61.7140097  25.6909855 11.822  1.885       3.460   3.9925  20.9307    13.83      nan      nan    5.637 M0.3      nan    nan   5.354     nan                                None
 Gaia DR3 145196252820109440  68.3592894  22.7580537 16.496  4.524       1.032   7.5438  21.0159    15.41      nan      nan    6.291 M6.7      nan    nan   1.058     nan                                None
 Gaia DR3 145203159127518336  68.4667698  22.8416169 12.182  2.129       1.039   7.5241  21.0228    15.40      nan      nan    6.238 M1.2      nan    nan   1.356     nan                                None
 Gaia DR3 150566366394165120  65.5684341  26.2784117 18.124  3.646       1.707   3.2324  21.0362    14.26      nan      nan    7.102 M5.6      nan    nan   1.018     nan                                None
 Gaia DR3 163179006011625216  63.7185130  28.0998459 15.053    nan       3.852   1.0825  21.0529    13.57      nan      nan    7.184  nan      nan    nan   0.965     nan                                None
 Gaia DR3 161403977632489856  71.0969402  33.0830093 17.923  3.846       4.288   7.2769  21.0867    13.22      nan      nan    6.537 M5.9      nan    nan   0.911     nan                                None
 Gaia DR3 147976711568514432  69.2694652  25.3090250 18.795  3.361       3.169   6.1167  21.1691    14.95      nan      nan    6.821 M5.0      nan    nan   0.991     nan                                None
 Gaia DR3 172115488629346688  68.3133968  33.2735860 18.809  3.565       4.333   5.5602  21.2416    12.87      nan      nan    6.906 M5.4      nan    nan   0.971     nan                                None
 Gaia DR3 145951789107603072  68.2057946  22.8855314 15.791  4.138       0.795   7.3620  21.2436    15.36      nan      nan    6.087 M6.3      nan    nan   2.111     nan                                None
  Gaia DR3 52658330570247296  62.3230189  21.6927439 14.461  2.224       4.106   7.6128  21.2512    14.78   -10.55     2.82    6.359 M1.8      nan    nan   1.054     nan                            Gaia DR3
 Gaia DR3 158275523452677248  71.5696643  29.3866263 17.548  3.352       2.616   6.6677  21.2598    14.22      nan      nan    5.906 M5.0      nan    nan   0.915     nan                                None
 Gaia DR3 145626436745522560  65.0344067  22.2549361 16.074  2.516       1.436   6.9829  21.2864    15.07      nan      nan    5.970 M3.1      nan    nan   1.026     nan                                None
 Gaia DR3 145203811962545152  68.5458525  22.8622561 13.871  2.754       1.045   7.5453  21.3386    15.41    19.43     3.40    6.159 M3.6      nan    nan   1.128     nan                            Gaia DR3
 Gaia DR3 152180831716415488  67.1776643  27.2342152 17.494    nan       4.458   3.4543  21.3473    14.24      nan      nan    7.106  nan      nan    nan   1.289     nan                                None
 Gaia DR3 145225596036660224  68.7372708  22.9765175 13.397  2.439       1.330   7.5460  21.4042    15.41      nan      nan    6.146 M2.8      nan    nan   1.063     nan                                None
 Gaia DR3 157800396990017536  71.0778845  28.5365039 17.966  3.424       4.049   6.2927  21.4289    14.38      nan      nan    6.812 M5.1      nan    nan   1.014     nan                                None
 Gaia DR3 145213875069914496  68.8371509  22.9066465 12.784  2.480       2.091   7.6554  21.4470    15.43    15.34     5.32    6.213 M3.0      nan    nan   1.483     nan                            Gaia DR3
 Gaia DR3 149319627584976256  65.9710346  24.4748944 13.877  1.979       4.953   5.0330  21.4871    14.72    50.57     1.94    5.691 M0.6      nan    nan   3.351     nan                            Gaia DR3
 Gaia DR3 216430175211358336  57.2141260  31.6877364 14.484  2.324       3.330   6.3130  21.4892    11.71    16.10     2.64    5.833 M2.4      nan    nan   2.539     nan                            Gaia DR3
 Gaia DR3 145203704587705088  68.5637046  22.8418125 19.087  3.999       1.018   7.5714  21.5092    15.41      nan      nan    6.139 M6.1      nan    nan   1.295     nan                                None
 Gaia DR3 145213192171160064  68.9729681  22.9024180 13.321  2.743       2.097   7.7296  21.5427    15.45      nan      nan    6.274 M3.6      nan    nan   2.433     nan                                None
 Gaia DR3 158254087272066304  72.0906658  29.4680587 16.934  4.154       4.197   7.1218  21.5724    14.25      nan      nan    6.650 M6.3      nan    nan   1.009     nan                                None
  Gaia DR3 53102425891932416  61.6994407  21.9144178 11.956  1.233       4.385   7.5252  21.6201    14.64    27.27     0.46    6.098 K3.2      nan    nan   0.989     nan                            Gaia DR3
 Gaia DR3 145982742935380096  68.6894072  23.1339989 16.784  4.170       1.563   7.3909  21.6701    15.37      nan      nan    6.043 M6.3      nan    nan   0.946     nan                                None
 Gaia DR3 120373742734992512  55.1422409  30.6083550 17.879  3.056       2.341   7.7506  21.7106    11.61      nan      nan    6.398 M4.2      nan    nan   0.956     nan                                None
 Gaia DR3 148384179410294272  70.2844576  25.9352826 17.643  2.912       3.768   6.4943  21.7459    14.92      nan      nan    6.803 M3.9      nan    nan   1.287     nan                                None
 Gaia DR3 219710774313309952  58.1655984  35.2718139 12.861  1.419       1.920   7.8095  21.7658    10.98     4.43     0.99    6.339 K4.8      nan    nan   0.970     nan                            Gaia DR3
 Gaia DR3 145209618758377856  68.9472846  22.8392731 11.530  2.366       2.169   7.7682  21.8170    15.46    24.46     4.91    6.196 M2.6      nan    nan  13.394     nan                            Gaia DR3
  Gaia DR3 66513963789162112  57.4749151  23.9962585 19.042  2.598       2.643   7.7455  21.8249    13.49      nan      nan    6.439 M3.3      nan    nan   1.491     nan                                None
 Gaia DR3 172440398610724992  67.1680346  32.5658845 11.859  1.223       4.732   4.3913  21.8374    12.92   -16.63     0.51    5.628 K3.1      nan    nan   0.957     nan                            Gaia DR3
 Gaia DR3 218967057775750272  59.1022874  35.3364542 16.084  2.830       3.628   7.3951  21.8415    11.11      nan      nan    6.025 M3.8      nan    nan   2.389     nan                                None
 Gaia DR3 177455923980212224  64.5779367  36.7976752 18.563  3.375       0.990   7.6505  21.8419    11.49      nan      nan    6.119 M5.0      nan    nan   0.984     nan                                None
 Gaia DR3 158435815928151936  72.4766813  30.0637645 13.359  1.626       3.292   7.4838  21.8432    14.14     3.76     1.52    6.052 K5.6      nan    nan   0.957     nan                            Gaia DR3
 Gaia DR3 146897055574409728  70.3980389  24.0738727 18.618  3.369       1.287   7.7034  21.9123    15.36      nan      nan    6.132 M5.0      nan    nan   0.950     nan                                None
 Gaia DR3 145209442664192896  68.9703342  22.8495124 14.723  3.651       0.789   7.7718  21.9633    15.46      nan      nan    6.161 M5.6      nan    nan   1.241     nan                                None
 Gaia DR3 152917298349085824  66.3146767  28.4908717 15.226  4.062       3.071   2.1970  21.9678    13.83      nan      nan    7.202 M6.2      nan    nan   1.372     nan                                None
 Gaia DR3 145220064117853696  69.0433181  22.9988188 18.741  4.082       0.657   7.6882  22.0375    15.44      nan      nan    6.104 M6.2      nan    nan   1.242     nan                                None
 Gaia DR3 120182775605760384  55.5454031  30.4717273 15.131  2.305       3.182   7.3873  22.0976    11.71    24.17     6.30    6.636 M2.3      nan    nan   1.132     nan                            Gaia DR3
 Gaia DR3 217918329839964928  56.4976812  33.5289234 17.014  2.952       3.169   7.6971  22.1155    11.15      nan      nan    6.096 M4.0      nan    nan   1.053     nan                                None
 Gaia DR3 164551162164119424  65.4892494  28.4430898 10.706  1.435       4.956   1.5473  22.2127    13.74      nan      nan    7.235 K4.9      nan    nan  13.281     nan                                None
  Gaia DR3 70484987471166720  57.8530145  26.9058244 15.938  2.920       3.551   5.8184  22.2244    12.92      nan      nan    6.942 M3.9      nan    nan   2.385     nan                                None
 Gaia DR3 145212711134828672  68.9251979  22.8728733 15.314  4.079       0.689   7.7289  22.2351    15.45      nan      nan    6.091 M6.2      nan    nan   1.062     nan                                None
 Gaia DR3 145189277793776896  68.4292243  22.5988947 15.036  3.357       1.950   7.7136  22.2399    15.45      nan      nan    6.084 M5.0      nan    nan   1.334     nan                                None
  Gaia DR3 71863087856476160  55.3266825  28.7026967  6.856  0.027       4.982   7.5405  22.2991    12.08     9.14     0.32    6.018 A1.2      nan    nan   0.856     nan                            Gaia DR3
 Gaia DR3 217478456468417792  55.9843437  32.6226834 16.435  2.912       3.732   7.6397  22.3996    11.28      nan      nan    6.594 M3.9      nan    nan   0.955     nan                                None
 Gaia DR3 216623998494899072  56.3484276  31.8807672 15.896  2.624       2.846   7.0689  22.5061    11.52      nan      nan    6.758 M3.3      nan    nan   0.994     nan                                None
 Gaia DR3 163291740314660096  60.8615453  26.3883783 18.245  2.909       4.442   3.8830  22.5383    13.54      nan      nan    5.572 M3.9      nan    nan   0.972     nan                                None
  Gaia DR3 53604833987333120  61.6228158  22.9097016 17.863  3.360       4.898   6.5903  22.5603    14.42      nan      nan    6.853 M5.0      nan    nan   1.029     nan                                None
  Gaia DR3 53845901911347968  60.9457278  23.2933340 17.216  2.729       1.091   6.4530  22.6191    14.23      nan      nan    5.788 M3.6      nan    nan   1.005     nan                                None
 Gaia DR3 162399207453179008  62.2918179  26.2846196 16.945  2.865       2.071   3.2254  22.6356    13.78      nan      nan    5.538 M3.8      nan    nan   1.020     nan                                None
 Gaia DR3 152313387290958720  65.7714209  26.9954759 18.296  3.252       3.189   2.7124  22.6424    14.12      nan      nan    5.518 M4.7      nan    nan   1.129     nan                                None
 Gaia DR3 145125987155266048  68.6504718  22.4205838 16.055  4.228       2.001   7.9716  22.6557    15.52      nan      nan    6.133 M6.4      nan    nan   1.014     nan                                None
  Gaia DR3 65643803414142592  58.5885081  23.3968522 15.868  2.708       1.052   7.4951  22.6644    13.81      nan      nan    6.672 M3.5      nan    nan   1.003     nan                                None
  Gaia DR3 53629195040854528  62.5297450  22.9441728 11.708  1.293       2.316   6.3477  22.6856    14.55    13.73     0.71    5.771 K3.8      nan    nan   1.259     nan                            Gaia DR3
 Gaia DR3 145133786815830784  68.9243814  22.5698078 16.892  3.967       0.764   7.9803  22.7093    15.52      nan      nan    6.500 M6.0      nan    nan   0.963     nan                                None
 Gaia DR3 172015918403366144  68.1887071  32.7248464  8.663  0.744       4.182   5.0992  22.7296    13.00   -33.67     0.18    7.057 F9.4      nan    nan   0.931     nan                            Gaia DR3
 Gaia DR3 145200960104259200  68.6346558  22.8392707 14.347  3.063       1.289   7.6088  22.7441    15.42    25.16     5.93    6.649 M4.3      nan    nan   2.890     nan                            Gaia DR3
 Gaia DR3 148374391180009600  69.9823019  25.7504493 17.445  5.604       3.350   6.3645  22.7663    14.93      nan      nan    6.905 M7.9      nan    nan   1.149     nan                                None
  Gaia DR3 66958097767052416  57.7552467  25.3902552 16.287  2.661       4.909   6.6586  22.7692    13.24      nan      nan    5.808 M3.4      nan    nan   1.082     nan                                None
 Gaia DR3 146686292938953216  70.0595691  23.1317354 15.635  3.468       0.570   8.1643  22.7718    15.53      nan      nan    6.366 M5.2      nan    nan   1.024     nan                                None
  Gaia DR3 71976681150856064  56.4378087  29.3767593 15.688  2.690       4.858   6.5363  22.8202    12.12    -9.82    10.85    6.883 M3.5      nan    nan   1.200     nan                            Gaia DR3
 Gaia DR3 145171857406001024  68.5246520  22.4060828 14.543  2.244       2.426   7.9244  22.8342    15.50    47.04     3.81    6.550 M2.0      nan    nan   1.079     nan                            Gaia DR3
 Gaia DR3 177516358463937664  66.0172091  37.1218937 16.235  2.677       4.075   8.1447  22.8454    11.57      nan      nan    6.203 M3.4      nan    nan   0.985     nan                                None
 Gaia DR3 217478452171811328  55.9801908  32.6298413  9.185  0.677       3.853   7.6459  22.9074    11.28     8.61     1.02    6.658 F7.3      nan    nan   1.862     nan                            Gaia DR3
 Gaia DR3 145132927822383616  68.8342572  22.5373031 13.982  2.277       0.766   7.9624  22.9605    15.51      nan      nan    6.080 M2.2      nan    nan   1.459     nan                                None
  Gaia DR3 52872146925587840  62.7875559  22.7653451 17.171  2.872       4.311   6.4827  22.9969    14.63      nan      nan    5.772 M3.8      nan    nan   0.989     nan                                None
 Gaia DR3 168911962720179072  61.9289317  30.4060801 15.010  2.510       4.741   2.1324  23.0544    12.76    -7.25     8.35    5.488 M3.1      nan    nan   1.008     nan                            Gaia DR3
 Gaia DR3 173419651153884160  70.2021834  33.2683586 16.570  2.940       4.505   6.7512  23.0681    13.08      nan      nan    5.804 M4.0      nan    nan   1.020     nan                                None
 Gaia DR3 159965197946584320  72.9474813  30.7869825 11.703  1.955       4.628   7.9764  23.0714    14.00      nan      nan    6.567 M0.5      nan    nan   2.212     nan                                None
 Gaia DR3 145839432764631808  67.8545738  22.3893457 16.607  2.826       4.600   7.6423  23.1324    15.42      nan      nan    5.963 M3.7      nan    nan   0.951     nan                                None
 Gaia DR3 219391469264004224  59.8913175  36.1554532 17.433  2.886       1.420   7.7693  23.1421    11.02      nan      nan    5.995 M3.9      nan    nan   1.071     nan                                None
 Gaia DR3 168569872867215872  59.7265235  31.5007001 19.256  2.866       3.610   4.3122  23.1427    12.16      nan      nan    5.575 M3.8      nan    nan   1.512     nan                                None
 Gaia DR3 145921999215653632  67.7099317  23.0023322 17.040    nan       1.030   7.0366  23.1977    15.27      nan      nan    6.828  nan      nan    nan   1.290     nan                                None
 Gaia DR3 145213192171159552  68.9757045  22.9036789 10.514  1.870       4.688   7.7300  23.2029    15.45    22.96     3.59    5.979 M0.2      nan    nan   3.852     nan                            Gaia DR3
  Gaia DR3 66958235205998336  57.7816857  25.4083614  9.303  0.726       4.909   6.6287  23.2792    13.24    30.73     0.18    5.775 F9.2      nan    nan   0.965     nan                            Gaia DR3
  Gaia DR3 71157888585510272  55.3069336  27.3274092 15.828  2.449       4.926   7.8121  23.3029    12.38      nan      nan    6.656 M2.9      nan    nan   1.012     nan                                None
 Gaia DR3 219805023075421440  58.3511388  35.9740937 16.811  2.618       4.787   8.2687  23.3278    10.83      nan      nan    6.467 M3.3      nan    nan   1.064     nan                                None
 Gaia DR3 167853442259382912  57.0134625  29.3598837 17.932  3.210       2.762   6.0346  23.5197    12.22      nan      nan    5.694 M4.6      nan    nan   1.073     nan                                None
 Gaia DR3 169744396103409536  62.6798637  32.4731906 16.367  2.601       2.238   3.4760  23.5361    12.36      nan      nan    5.518 M3.3      nan    nan   1.023     nan                                None
 Gaia DR3 145157941711889536  68.9955988  22.6430560 11.797  2.042       1.242   7.9556  23.5845    15.51     9.19    10.35    6.002 M0.8      nan    nan   2.233     nan                            Gaia DR3
 Gaia DR3 146469246765971200  69.8226297  22.7980707 12.915  2.282       0.838   8.2812  23.5884    15.57    14.77     4.85    6.519 M2.2      nan    nan   2.252     nan                            Gaia DR3
 Gaia DR3 145213226530896896  68.9869413  22.9099495 14.955  3.148       0.429   7.7308  23.6015    15.45      nan      nan    6.714 M4.5      nan    nan  10.044     nan                                None
 Gaia DR3 216844553656896896  57.7935262  32.2974338 16.126  2.835       1.446   6.1310  23.6465    11.66      nan      nan    5.698 M3.8      nan    nan   1.041     nan                                None
 Gaia DR3 217758999436091520  55.3622009  33.3324406 17.464  3.346       4.141   8.4208  23.7771    11.00      nan      nan    6.479 M5.0      nan    nan   1.038     nan                                None
 Gaia DR3 150911544328065152  67.7081771  25.1075525 18.015    nan       3.800   5.2708  23.7828    14.80      nan      nan    5.615  nan      nan    nan   0.967     nan                                None
 Gaia DR3 171516186071927552  66.3819382  31.4514471 19.913  2.842       0.982   3.1155  23.8249    13.11      nan      nan    5.494 M3.8      nan    nan   1.169     nan                                None
  Gaia DR3 49538981722526208  64.6349289  21.9588727 12.113  1.329       4.346   7.2357  23.8521    15.08     9.35     1.43    5.830 K4.1      nan    nan   1.233     nan                            Gaia DR3
 Gaia DR3 146777110022719744  69.3012262  23.6043531 15.080  2.374       2.981   7.3532  23.8589    15.34    42.87     5.44    6.825 M2.6      nan    nan   1.090     nan                            Gaia DR3
  Gaia DR3 66931640768571264  57.4847848  25.2751525 14.589  1.366       4.984   6.9242  23.9150    13.22   -54.51     9.61    5.780 K4.4      nan    nan  15.512     nan                            Gaia DR3
  Gaia DR3 52325346049734656  61.8192269  21.5719082 19.550  2.886       1.217   7.8295  23.9601    14.73      nan      nan    5.935 M3.9      nan    nan   1.069     nan                                None
  Gaia DR3 52448525711653888  62.6907671  21.4195578 19.872  3.562       3.245   7.8272  23.9826    14.90      nan      nan    5.932 M5.4      nan    nan   1.039     nan                                None
 Gaia DR3 219642192275285376  57.1890725  34.9781077 10.349  0.870       2.797   8.1434  24.0312    10.90   -21.89     2.17    6.009 G6.1      nan    nan   2.158     nan                            Gaia DR3
 Gaia DR3 152757903522412032  68.3347027  28.5948914 18.251  3.327       3.693   3.9002  24.0532    14.06      nan      nan    5.520 M4.9      nan    nan   2.109     nan                                None
 Gaia DR3 144936836795636864  69.8241806  22.3508638 11.591  1.639       0.907   8.6364  24.0597    15.67      nan      nan    6.362 K5.7      nan    nan   1.362     nan                                None
 Gaia DR3 156907907082740480  73.7957758  30.3663847 11.727  1.621       4.680   8.6462  24.0636    14.18      nan      nan    6.325 K5.6      nan    nan   2.526     nan                                None
 Gaia DR3 164582498245414016  65.6236771  28.7423107 19.320  3.467       4.791   1.5429  24.0692    13.68      nan      nan    7.335 M5.2      nan    nan   1.036     nan                                None
 Gaia DR3 174580391835701120  69.3332614  35.2126557 13.917  1.908       2.728   7.5783  24.1182    12.47     7.37     2.48    6.803 M0.4      nan    nan   1.090     nan                            Gaia DR3
  Gaia DR3 68589218968288512  55.3002333  25.3017873 17.609  3.113       3.907   8.5864  24.1756    12.81      nan      nan    6.176 M4.4      nan    nan   0.922     nan                                None
 Gaia DR3 146830500760913664  70.5734131  23.8268637 19.041  3.464       1.992   7.9892  24.2090    15.43      nan      nan    6.713 M5.2      nan    nan   0.976     nan                                None
 Gaia DR3 154597661353864832  71.2484011  27.4772874 11.061  1.009       3.700   6.6602  24.2485    14.66    20.35     1.11    5.728 K1.0      nan    nan   1.292     nan                            Gaia DR3
  Gaia DR3 53171012228332928  61.1989222  22.2506248 14.446  2.181       3.931   7.3393  24.2520    14.49    -7.80     1.68    5.821 M1.6      nan    nan   1.054     nan                            Gaia DR3
  Gaia DR3 66045911135147392  61.4505368  24.4335842 13.325  1.591       4.818   5.2237  24.2744    14.06     6.89     1.28    5.592 K5.5      nan    nan   1.072     nan                            Gaia DR3
 Gaia DR3 163233981593016064  63.3634652  28.2734090 12.201  2.744       4.574   1.0213  24.3142    13.48    17.48     7.90    7.359 M3.6      nan    nan   1.726     nan                            Gaia DR3
 Gaia DR3 156900622818205312  73.9040630  30.2985318 10.340  1.250       4.168   8.7331  24.3226    14.21    12.33     2.15    6.360 K3.4      nan    nan   0.967     nan                            Gaia DR3
 Gaia DR3 225459742659266944  62.5725317  37.8035323 17.514  3.067       4.656   8.7104  24.3238    10.96      nan      nan    6.402 M4.3      nan    nan   1.007     nan                                None
 Gaia DR3 174847053469664256  68.7388770  35.7671223 18.951  3.609       4.739   7.7458  24.3445    12.25      nan      nan    5.886 M5.5      nan    nan   0.926     nan                                None
 Gaia DR3 156915290131026816  73.8472351  30.4600385 17.162  4.294       4.870   8.6998  24.3570    14.16      nan      nan    6.216 M6.5      nan    nan   1.006     nan                                None
 Gaia DR3 144496791627104000  66.4866665  20.8799942 15.651  2.791       3.584   8.6038  24.4072    15.56      nan      nan    6.513 M3.7      nan    nan   9.273     nan                                None
 Gaia DR3 164506116546058112  64.4565306  28.2253798 16.511  3.380       4.258   1.0490  24.4095    13.65      nan      nan    7.363 M5.0      nan    nan   1.104     nan                                None
  Gaia DR3 71034399685780736  54.3668412  26.7936640 17.140  2.967       3.139   8.7678  24.4551    12.32      nan      nan    6.388 M4.0      nan    nan   1.101     nan                                None
 Gaia DR3 174748028702824832  69.0009637  35.6663710 18.154  0.116       4.917   7.7806  24.4582    12.31      nan      nan    5.885 A3.4      nan    nan   1.040     nan                                None
 Gaia DR3 160100094280655232  73.7505408  31.3440651 19.443  3.158       1.565   8.7557  24.4684    13.93      nan      nan    6.233 M4.5      nan    nan   1.019     nan                                None
 Gaia DR3 156916325218569856  73.9508653  30.5043173 15.190  3.195       4.640   8.7933  24.4711    14.16      nan      nan    6.333 M4.6      nan    nan   0.989     nan                                None
 Gaia DR3 157849393976964224  70.9013057  28.6329470 18.753  3.134       4.867   6.1270  24.4817    14.34      nan      nan    5.660 M4.4      nan    nan   1.121     nan                                None
 Gaia DR3 145952613741285632  68.1840518  22.8981940 14.702  2.477       4.686   7.3409  24.4855    15.35     2.43    36.45    5.807 M3.0      nan    nan   1.416     nan                            Gaia DR3
 Gaia DR3 156915878541979008  73.9501154  30.4679046 17.135  3.831       3.980   8.7888  24.5417    14.17      nan      nan    6.241 M5.8      nan    nan   0.928     nan                                None
 Gaia DR3 156917493449670656  73.9410453  30.5510855  7.111  0.270       4.165   8.7901  24.5634    14.15      nan      nan    6.413 A6.8      nan    nan   1.369     nan                                None
 Gaia DR3 157010573981545344  73.9974661  30.5669752  9.251  1.318       4.296   8.8402  24.6271    14.15     8.31     2.71    6.370 K4.0      nan    nan   1.514     nan                            Gaia DR3
 Gaia DR3 145157937416226176  68.9979780  22.6413450 18.121  2.681       0.857   7.9582  24.6278    15.51      nan      nan    6.767 M3.5      nan    nan   1.065     nan                                None
  Gaia DR3 53185168440403456  61.1097761  22.3777512 14.353  2.081       2.314   7.2469  24.6447    14.45    13.72     1.98    5.783 M1.0      nan    nan   0.974     nan                            Gaia DR3
 Gaia DR3 170442547327512064  60.6876704  33.0624660 19.727  3.318       2.889   4.7822  24.7115    11.92      nan      nan    5.546 M4.9      nan    nan   1.034     nan                                None
 Gaia DR3 159333837753621376  70.0805398  30.2491620 17.372  3.207       3.694   5.4514  24.7356    13.85      nan      nan    5.591 M4.6      nan    nan   1.033     nan                                None
 Gaia DR3 158234192983874560  72.2412588  29.2317655 17.244  1.927       3.853   7.2554  24.7380    14.32      nan      nan    6.919 M0.4      nan    nan   3.380     nan                                None
 Gaia DR3 147373010964871040  71.6776081  24.9841645 14.904  3.632       3.535   8.0653  24.7498    15.29      nan      nan    6.753 M5.5      nan    nan   2.542     nan                                None
 Gaia DR3 148141775750936960  70.1658088  25.3182881 16.577  4.670       3.804   6.7480  24.7587    15.05      nan      nan    7.000 M6.9      nan    nan   2.438     nan                                None
 Gaia DR3 157015075106952832  73.9186174  30.6514530 16.318  3.589       3.788   8.7830  24.8234    14.12      nan      nan    6.500 M5.5      nan    nan   1.054     nan                                None
 Gaia DR3 151374198202645376  67.4270079  26.5468834 11.959  2.183       2.942   4.0530  24.8235    14.44    13.16     3.56    7.269 M1.6      nan    nan   2.509     nan                            Gaia DR3
 Gaia DR3 166517947947932672  64.4741668  31.8292819 16.936  2.906       2.038   2.7039  24.9266    12.77      nan      nan    5.445 M3.9      nan    nan   1.003     nan                                None
 Gaia DR3 156900966415569920  73.9571106  30.3276727 16.605  3.845       4.230   8.7813  24.9310    14.21      nan      nan    6.130 M5.9      nan    nan   1.045     nan                                None
 Gaia DR3 145213187879627776  68.9699682  22.9063709 13.034  2.540       1.287   7.7248  24.9508    15.45      nan      nan    5.839 M3.1      nan    nan   2.772     nan                                None
 Gaia DR3 148450875956969344  69.5620341  26.1943339 19.771  3.362       3.838   5.8059  24.9552    14.78      nan      nan    7.130 M5.0      nan    nan   1.140     nan                                None
 Gaia DR3 178062579520814720  68.3250657  37.0161751 16.156  2.507       3.382   8.6681  24.9880    11.86      nan      nan    6.070 M3.0      nan    nan   1.438     nan                                None
